18,500,2000,0.270426
18,500,2000,0.258400
18,500,2000,0.261725
18,500,4000,0.275821
18,500,4000,0.283696
18,500,4000,0.310046
18,500,6000,0.307214
18,500,6000,0.311174
18,500,6000,0.289664
18,500,8000,0.314770
18,500,8000,0.333974
18,500,8000,0.345167
18,500,10000,0.340813
18,500,10000,0.339188
18,500,10000,0.316006
18,500,12000,0.335302
18,500,12000,0.347638
18,500,12000,0.304331
18,500,14000,0.348184
18,500,14000,0.355843
18,500,14000,0.377829
18,500,16000,0.357945
18,500,16000,0.355806
18,500,16000,0.427424
18,500,18000,0.389558
18,500,18000,0.423311
18,500,18000,0.427979
18,500,20000,0.375162
18,500,20000,0.478390
18,500,20000,0.349428
18,500,22000,0.397468
18,500,22000,0.368689
18,500,22000,0.521764
18,500,24000,0.423425
18,500,24000,0.392788
18,500,24000,0.428516
18,500,26000,0.451588
18,500,26000,0.553085
18,500,26000,0.512198
18,500,28000,0.437233
18,500,28000,0.492825
18,500,28000,0.509996
18,500,30000,0.490535
18,500,30000,0.473507
18,500,30000,0.412295
18,500,32000,0.503780
18,500,32000,0.434639
18,500,32000,0.554726
18,500,34000,0.619634
18,500,34000,0.451019
18,500,34000,0.509855
18,500,36000,0.461806
18,500,36000,0.402748
18,500,36000,0.477607
18,500,38000,0.525956
18,500,38000,0.464740
18,500,38000,0.504731
18,500,40000,0.457380
18,500,40000,0.445095
18,500,40000,0.484626
18,500,42000,0.498669
18,500,42000,0.589093
18,500,42000,0.573772
18,1500,2000,0.273798
18,1500,2000,0.290234
18,1500,2000,0.265146
18,1500,4000,0.283819
18,1500,4000,0.301469
18,1500,4000,0.287853
18,1500,6000,0.307898
18,1500,6000,0.303434
18,1500,6000,0.302649
18,1500,8000,0.346596
18,1500,8000,0.340518
18,1500,8000,0.309254
18,1500,10000,0.345697
18,1500,10000,0.340811
18,1500,10000,0.413660
18,1500,12000,0.387219
18,1500,12000,0.358570
18,1500,12000,0.358188
18,1500,14000,0.372311
18,1500,14000,0.433460
18,1500,14000,0.375420
18,1500,16000,0.392449
18,1500,16000,0.344108
18,1500,16000,0.360218
18,1500,18000,0.397928
18,1500,18000,0.418127
18,1500,18000,0.382898
18,1500,20000,0.458654
18,1500,20000,0.411845
18,1500,20000,0.423029
18,1500,22000,0.558609
18,1500,22000,0.444859
18,1500,22000,0.380417
18,1500,24000,0.458761
18,1500,24000,0.389450
18,1500,24000,0.592993
18,1500,26000,0.466822
18,1500,26000,0.415074
18,1500,26000,0.489176
18,1500,28000,0.475812
18,1500,28000,0.484077
18,1500,28000,0.451303
18,1500,30000,0.480614
18,1500,30000,0.425715
18,1500,30000,0.537865
18,1500,32000,0.636287
18,1500,32000,0.549398
18,1500,32000,0.436843
18,1500,34000,0.496784
18,1500,34000,0.468081
18,1500,34000,0.523765
18,1500,36000,0.552900
18,1500,36000,0.493811
18,1500,36000,0.496461
18,1500,38000,0.611412
18,1500,38000,0.542522
18,1500,38000,0.602142
18,1500,40000,0.506331
18,1500,40000,0.519247
18,1500,40000,0.575175
18,1500,42000,0.578520
18,1500,42000,0.536504
18,1500,42000,0.537598
18,2500,2000,0.284993
18,2500,2000,0.287237
18,2500,2000,0.244474
18,2500,4000,0.300359
18,2500,4000,0.313437
18,2500,4000,0.314987
18,2500,6000,0.333282
18,2500,6000,0.321699
18,2500,6000,0.272995
18,2500,8000,0.379098
18,2500,8000,0.337854
18,2500,8000,0.348974
18,2500,10000,0.489760
18,2500,10000,0.396241
18,2500,10000,0.336110
18,2500,12000,0.443374
18,2500,12000,0.348622
18,2500,12000,0.392272
18,2500,14000,0.398205
18,2500,14000,0.430067
18,2500,14000,0.462361
18,2500,16000,0.405382
18,2500,16000,0.473802
18,2500,16000,0.412416
18,2500,18000,0.412527
18,2500,18000,0.507300
18,2500,18000,0.450825
18,2500,20000,0.526372
18,2500,20000,0.500214
18,2500,20000,0.530406
18,2500,22000,0.565472
18,2500,22000,0.401774
18,2500,22000,0.510319
18,2500,24000,0.486775
18,2500,24000,0.452845
18,2500,24000,0.488031
18,2500,26000,0.535866
18,2500,26000,0.499654
18,2500,26000,0.423261
18,2500,28000,0.587505
18,2500,28000,0.466307
18,2500,28000,0.527295
18,2500,30000,0.541698
18,2500,30000,0.450389
18,2500,30000,0.512325
18,2500,32000,0.500666
18,2500,32000,0.598175
18,2500,32000,0.571512
18,2500,34000,0.668182
18,2500,34000,0.578754
18,2500,34000,0.513160
18,2500,36000,0.550931
18,2500,36000,0.546374
18,2500,36000,0.541510
18,2500,38000,0.537003
18,2500,38000,0.623248
18,2500,38000,0.630899
18,2500,40000,0.599321
18,2500,40000,0.536949
18,2500,40000,0.573626
18,2500,42000,0.536111
18,2500,42000,0.562254
18,2500,42000,0.615172
18,3500,2000,0.269770
18,3500,2000,0.295442
18,3500,2000,0.263991
18,3500,4000,0.314948
18,3500,4000,0.269107
18,3500,4000,0.320338
18,3500,6000,0.321769
18,3500,6000,0.308949
18,3500,6000,0.339884
18,3500,8000,0.316782
18,3500,8000,0.334174
18,3500,8000,0.367057
18,3500,10000,0.348174
18,3500,10000,0.363393
18,3500,10000,0.465215
18,3500,12000,0.413714
18,3500,12000,0.419266
18,3500,12000,0.448779
18,3500,14000,0.401953
18,3500,14000,0.415605
18,3500,14000,0.471236
18,3500,16000,0.470003
18,3500,16000,0.542121
18,3500,16000,0.479887
18,3500,18000,0.424167
18,3500,18000,0.538452
18,3500,18000,0.502642
18,3500,20000,0.542566
18,3500,20000,0.537130
18,3500,20000,0.495396
18,3500,22000,0.530328
18,3500,22000,0.506138
18,3500,22000,0.593288
18,3500,24000,0.520306
18,3500,24000,0.478662
18,3500,24000,0.459547
18,3500,26000,0.651475
18,3500,26000,0.493014
18,3500,26000,0.460728
18,3500,28000,0.586483
18,3500,28000,0.501595
18,3500,28000,0.625093
18,3500,30000,0.632339
18,3500,30000,0.487417
18,3500,30000,0.510396
18,3500,32000,0.554557
18,3500,32000,0.652317
18,3500,32000,0.607610
18,3500,34000,0.564961
18,3500,34000,0.553166
18,3500,34000,0.574343
18,3500,36000,0.629034
18,3500,36000,0.558899
18,3500,36000,0.552221
18,3500,38000,0.728730
18,3500,38000,0.548727
18,3500,38000,0.620508
18,3500,40000,0.664811
18,3500,40000,0.599250
18,3500,40000,0.562232
18,3500,42000,0.567110
18,3500,42000,0.626804
18,3500,42000,0.562207
18,4500,2000,0.277836
18,4500,2000,0.287752
18,4500,2000,0.324297
18,4500,4000,0.312999
18,4500,4000,0.304447
18,4500,4000,0.379544
18,4500,6000,0.327001
18,4500,6000,0.325806
18,4500,6000,0.321547
18,4500,8000,0.448938
18,4500,8000,0.430655
18,4500,8000,0.423338
18,4500,10000,0.416914
18,4500,10000,0.374536
18,4500,10000,0.396839
18,4500,12000,0.459119
18,4500,12000,0.394738
18,4500,12000,0.462468
18,4500,14000,0.523665
18,4500,14000,0.433102
18,4500,14000,0.452742
18,4500,16000,0.468598
18,4500,16000,0.482527
18,4500,16000,0.497890
18,4500,18000,0.498564
18,4500,18000,0.492568
18,4500,18000,0.489983
18,4500,20000,0.478479
18,4500,20000,0.430354
18,4500,20000,0.640636
18,4500,22000,0.631796
18,4500,22000,0.494104
18,4500,22000,0.629833
18,4500,24000,0.521068
18,4500,24000,0.542126
18,4500,24000,0.611957
18,4500,26000,0.496660
18,4500,26000,0.525721
18,4500,26000,0.498798
18,4500,28000,0.563099
18,4500,28000,0.555003
18,4500,28000,0.578485
18,4500,30000,0.573197
18,4500,30000,0.550329
18,4500,30000,0.555279
18,4500,32000,0.595148
18,4500,32000,0.611695
18,4500,32000,0.546287
18,4500,34000,0.621432
18,4500,34000,0.605981
18,4500,34000,0.588599
18,4500,36000,0.630969
18,4500,36000,0.571550
18,4500,36000,0.573005
18,4500,38000,0.612437
18,4500,38000,0.740261
18,4500,38000,0.643167
18,4500,40000,0.687523
18,4500,40000,0.650213
18,4500,40000,0.591091
18,4500,42000,0.640645
18,4500,42000,0.603144
18,4500,42000,0.636475
18,5500,2000,0.286216
18,5500,2000,0.342752
18,5500,2000,0.290392
18,5500,4000,0.316064
18,5500,4000,0.318018
18,5500,4000,0.323501
18,5500,6000,0.396936
18,5500,6000,0.371300
18,5500,6000,0.373313
18,5500,8000,0.385307
18,5500,8000,0.412779
18,5500,8000,0.442705
18,5500,10000,0.475820
18,5500,10000,0.474994
18,5500,10000,0.439466
18,5500,12000,0.422231
18,5500,12000,0.428061
18,5500,12000,0.410902
18,5500,14000,0.572757
18,5500,14000,0.504177
18,5500,14000,0.472714
18,5500,16000,0.420229
18,5500,16000,0.515714
18,5500,16000,0.474724
18,5500,18000,0.520115
18,5500,18000,0.583992
18,5500,18000,0.624287
18,5500,20000,0.503018
18,5500,20000,0.561477
18,5500,20000,0.499901
18,5500,22000,0.611284
18,5500,22000,0.487643
18,5500,22000,0.565301
18,5500,24000,0.506963
18,5500,24000,0.537621
18,5500,24000,0.601851
18,5500,26000,0.576795
18,5500,26000,0.519997
18,5500,26000,0.644971
18,5500,28000,0.559871
18,5500,28000,0.607319
18,5500,28000,0.683881
18,5500,30000,0.614423
18,5500,30000,0.556149
18,5500,30000,0.602640
18,5500,32000,0.586177
18,5500,32000,0.615752
18,5500,32000,0.578326
18,5500,34000,0.718745
18,5500,34000,0.604844
18,5500,34000,0.661797
18,5500,36000,0.660852
18,5500,36000,0.608449
18,5500,36000,0.737044
18,5500,38000,0.686318
18,5500,38000,0.699705
18,5500,38000,0.713443
18,5500,40000,0.782644
18,5500,40000,0.695153
18,5500,40000,0.648674
18,5500,42000,0.762870
18,5500,42000,0.673829
18,5500,42000,0.728808
18,6500,2000,0.295033
18,6500,2000,0.344573
18,6500,2000,0.294032
18,6500,4000,0.345738
18,6500,4000,0.342591
18,6500,4000,0.344581
18,6500,6000,0.372400
18,6500,6000,0.457968
18,6500,6000,0.411240
18,6500,8000,0.419922
18,6500,8000,0.360484
18,6500,8000,0.454129
18,6500,10000,0.470377
18,6500,10000,0.397759
18,6500,10000,0.533720
18,6500,12000,0.459092
18,6500,12000,0.397219
18,6500,12000,0.495002
18,6500,14000,0.434790
18,6500,14000,0.421834
18,6500,14000,0.495169
18,6500,16000,0.497367
18,6500,16000,0.441590
18,6500,16000,0.545600
18,6500,18000,0.675445
18,6500,18000,0.536165
18,6500,18000,0.575285
18,6500,20000,0.521882
18,6500,20000,0.484868
18,6500,20000,0.547749
18,6500,22000,0.526984
18,6500,22000,0.515547
18,6500,22000,0.563644
18,6500,24000,0.590715
18,6500,24000,0.574254
18,6500,24000,0.605820
18,6500,26000,0.648643
18,6500,26000,0.556038
18,6500,26000,0.546636
18,6500,28000,0.611228
18,6500,28000,0.610494
18,6500,28000,0.614937
18,6500,30000,0.692836
18,6500,30000,0.638765
18,6500,30000,0.669659
18,6500,32000,0.741211
18,6500,32000,0.675600
18,6500,32000,0.656379
18,6500,34000,0.700315
18,6500,34000,0.803774
18,6500,34000,0.655162
18,6500,36000,0.658880
18,6500,36000,0.708336
18,6500,36000,0.642579
18,6500,38000,0.674686
18,6500,38000,0.874728
18,6500,38000,0.646940
18,6500,40000,0.734107
18,6500,40000,0.806000
18,6500,40000,0.804126
18,6500,42000,0.690437
18,6500,42000,0.768267
18,6500,42000,0.871243
18,7500,2000,0.288169
18,7500,2000,0.297855
18,7500,2000,0.316349
18,7500,4000,0.331708
18,7500,4000,0.312444
18,7500,4000,0.331428
18,7500,6000,0.364223
18,7500,6000,0.426267
18,7500,6000,0.356337
18,7500,8000,0.471963
18,7500,8000,0.552786
18,7500,8000,0.368387
18,7500,10000,0.400684
18,7500,10000,0.414936
18,7500,10000,0.442775
18,7500,12000,0.472765
18,7500,12000,0.535362
18,7500,12000,0.468186
18,7500,14000,0.526425
18,7500,14000,0.628943
18,7500,14000,0.578278
18,7500,16000,0.512815
18,7500,16000,0.574324
18,7500,16000,0.494309
18,7500,18000,0.535512
18,7500,18000,0.542119
18,7500,18000,0.475582
18,7500,20000,0.650906
18,7500,20000,0.530108
18,7500,20000,0.515224
18,7500,22000,0.625626
18,7500,22000,0.558327
18,7500,22000,0.587088
18,7500,24000,0.721320
18,7500,24000,0.590657
18,7500,24000,0.615938
18,7500,26000,0.617828
18,7500,26000,0.609619
18,7500,26000,0.615563
18,7500,28000,0.614324
18,7500,28000,0.651653
18,7500,28000,0.664500
18,7500,30000,0.662585
18,7500,30000,0.769167
18,7500,30000,0.641113
18,7500,32000,0.674184
18,7500,32000,0.628476
18,7500,32000,0.662135
18,7500,34000,0.703691
18,7500,34000,0.697608
18,7500,34000,0.679859
18,7500,36000,0.642108
18,7500,36000,0.802283
18,7500,36000,0.716110
18,7500,38000,0.670378
18,7500,38000,0.678785
18,7500,38000,0.758456
18,7500,40000,0.744431
18,7500,40000,0.765993
18,7500,40000,0.793323
18,7500,42000,0.783427
18,7500,42000,0.758317
18,7500,42000,0.749170
18,8500,2000,0.300070
18,8500,2000,0.293077
18,8500,2000,0.296090
18,8500,4000,0.344498
18,8500,4000,0.347329
18,8500,4000,0.400555
18,8500,6000,0.414175
18,8500,6000,0.413111
18,8500,6000,0.396665
18,8500,8000,0.419580
18,8500,8000,0.418140
18,8500,8000,0.397056
18,8500,10000,0.462883
18,8500,10000,0.454350
18,8500,10000,0.440505
18,8500,12000,0.515387
18,8500,12000,0.536290
18,8500,12000,0.483892
18,8500,14000,0.565166
18,8500,14000,0.543847
18,8500,14000,0.557987
18,8500,16000,0.534500
18,8500,16000,0.513737
18,8500,16000,0.482378
18,8500,18000,0.531100
18,8500,18000,0.552936
18,8500,18000,0.569044
18,8500,20000,0.590114
18,8500,20000,0.561548
18,8500,20000,0.654907
18,8500,22000,0.613748
18,8500,22000,0.595985
18,8500,22000,0.684276
18,8500,24000,0.613766
18,8500,24000,0.612413
18,8500,24000,0.605221
18,8500,26000,0.680513
18,8500,26000,0.724702
18,8500,26000,0.612908
18,8500,28000,0.623568
18,8500,28000,0.674139
18,8500,28000,0.728169
18,8500,30000,0.721909
18,8500,30000,0.694535
18,8500,30000,0.716093
18,8500,32000,0.700190
18,8500,32000,0.716502
18,8500,32000,0.710768
18,8500,34000,0.755661
18,8500,34000,0.712155
18,8500,34000,0.713842
18,8500,36000,0.772790
18,8500,36000,0.765486
18,8500,36000,0.793769
18,8500,38000,0.727432
18,8500,38000,0.849571
18,8500,38000,0.759439
18,8500,40000,0.761460
18,8500,40000,0.964851
18,8500,40000,0.771181
18,8500,42000,0.808029
18,8500,42000,0.849409
18,8500,42000,0.844114
18,9500,2000,0.329613
18,9500,2000,0.295386
18,9500,2000,0.300253
18,9500,4000,0.335707
18,9500,4000,0.396550
18,9500,4000,0.353248
18,9500,6000,0.387256
18,9500,6000,0.358101
18,9500,6000,0.382723
18,9500,8000,0.464727
18,9500,8000,0.382071
18,9500,8000,0.494895
18,9500,10000,0.477164
18,9500,10000,0.512908
18,9500,10000,0.446870
18,9500,12000,0.496739
18,9500,12000,0.467660
18,9500,12000,0.598491
18,9500,14000,0.592341
18,9500,14000,0.504674
18,9500,14000,0.608266
18,9500,16000,0.579858
18,9500,16000,0.541581
18,9500,16000,0.514942
18,9500,18000,0.688475
18,9500,18000,0.564919
18,9500,18000,0.526973
18,9500,20000,0.577819
18,9500,20000,0.628792
18,9500,20000,0.597924
18,9500,22000,0.695623
18,9500,22000,0.596951
18,9500,22000,0.600380
18,9500,24000,0.603731
18,9500,24000,0.618537
18,9500,24000,0.720534
18,9500,26000,0.675568
18,9500,26000,0.624021
18,9500,26000,0.641221
18,9500,28000,0.732669
18,9500,28000,0.745538
18,9500,28000,0.723175
18,9500,30000,0.767626
18,9500,30000,0.664556
18,9500,30000,0.673470
18,9500,32000,0.786365
18,9500,32000,0.711611
18,9500,32000,0.801060
18,9500,34000,0.829474
18,9500,34000,0.766518
18,9500,34000,0.706215
18,9500,36000,0.807566
18,9500,36000,0.765412
18,9500,36000,0.879551
18,9500,38000,0.793680
18,9500,38000,0.731880
18,9500,38000,0.856691
18,9500,40000,0.841078
18,9500,40000,0.885766
18,9500,40000,0.831554
18,9500,42000,0.777141
18,9500,42000,0.806202
18,9500,42000,0.971756
18,10500,2000,0.276270
18,10500,2000,0.317884
18,10500,2000,0.321597
18,10500,4000,0.360167
18,10500,4000,0.384860
18,10500,4000,0.372619
18,10500,6000,0.368345
18,10500,6000,0.431479
18,10500,6000,0.455434
18,10500,8000,0.453418
18,10500,8000,0.454486
18,10500,8000,0.414191
18,10500,10000,0.614859
18,10500,10000,0.522413
18,10500,10000,0.549981
18,10500,12000,0.507802
18,10500,12000,0.520816
18,10500,12000,0.517428
18,10500,14000,0.575806
18,10500,14000,0.533665
18,10500,14000,0.493509
18,10500,16000,0.552183
18,10500,16000,0.525471
18,10500,16000,0.584208
18,10500,18000,0.577630
18,10500,18000,0.591674
18,10500,18000,0.718785
18,10500,20000,0.645941
18,10500,20000,0.599130
18,10500,20000,0.599827
18,10500,22000,0.601659
18,10500,22000,0.726764
18,10500,22000,0.748071
18,10500,24000,0.727418
18,10500,24000,0.722292
18,10500,24000,0.626208
18,10500,26000,0.727200
18,10500,26000,0.672164
18,10500,26000,0.716086
18,10500,28000,0.664359
18,10500,28000,0.665621
18,10500,28000,0.745809
18,10500,30000,0.734931
18,10500,30000,0.781917
18,10500,30000,0.761972
18,10500,32000,0.745404
18,10500,32000,0.710075
18,10500,32000,0.823661
18,10500,34000,0.855864
18,10500,34000,0.725263
18,10500,34000,0.852039
18,10500,36000,0.820895
18,10500,36000,0.784864
18,10500,36000,0.820681
18,10500,38000,0.959396
18,10500,38000,0.861750
18,10500,38000,0.947808
18,10500,40000,0.865877
18,10500,40000,0.868557
18,10500,40000,0.922966
18,10500,42000,1.043210
18,10500,42000,0.929071
18,10500,42000,0.936302
