500,2000,0.011136
500,4000,0.020358
500,6000,0.036415
500,8000,0.050139
500,10000,0.057014
500,12000,0.066982
500,14000,0.073933
500,16000,0.084423
500,18000,0.092442
500,20000,0.106308
500,22000,0.186590
500,24000,0.186695
500,26000,0.136720
500,28000,0.150521
500,30000,0.156999
500,32000,0.162598
500,34000,0.179440
500,36000,0.185799
500,38000,0.197946
500,40000,0.208350
500,42000,0.222349
1000,2000,0.016344
1000,4000,0.032480
1000,6000,0.048893
1000,8000,0.064117
1000,10000,0.079539
1000,12000,0.095864
1000,14000,0.112327
1000,16000,0.126595
1000,18000,0.146070
1000,20000,0.162205
1000,22000,0.174758
1000,24000,0.190767
1000,26000,0.210790
1000,28000,0.226632
1000,30000,0.317850
1000,32000,0.306694
1000,34000,0.307681
1000,36000,0.340607
1000,38000,0.322220
1000,40000,0.358884
1000,42000,0.367644
1500,2000,0.023769
1500,4000,0.043984
1500,6000,0.080306
1500,8000,0.099364
1500,10000,0.139265
1500,12000,0.199073
1500,14000,0.172251
1500,16000,0.189843
1500,18000,0.277351
1500,20000,0.291008
1500,22000,0.262744
1500,24000,0.273067
1500,26000,0.286497
1500,28000,0.302527
1500,30000,0.489896
1500,32000,0.421157
1500,34000,0.527084
1500,36000,0.603587
1500,38000,0.498106
1500,40000,0.431280
1500,42000,0.455985
2000,2000,0.027454
2000,4000,0.055310
2000,6000,0.082454
2000,8000,0.110037
2000,10000,0.136796
2000,12000,0.164775
2000,14000,0.192879
2000,16000,0.220073
2000,18000,0.250497
2000,20000,0.276185
2000,22000,0.303945
2000,24000,0.332741
2000,26000,0.363621
2000,28000,0.386517
2000,30000,0.414316
2000,32000,0.438733
2000,34000,0.465298
2000,36000,0.492417
2000,38000,0.525968
2000,40000,0.556877
2000,42000,0.576722
2500,2000,0.033582
2500,4000,0.066245
2500,6000,0.099096
2500,8000,0.133454
2500,10000,0.166145
2500,12000,0.200597
2500,14000,0.242580
2500,16000,0.268259
2500,18000,0.299566
2500,20000,0.335497
2500,22000,0.365162
2500,24000,0.398136
2500,26000,0.433925
2500,28000,0.463677
2500,30000,0.501012
2500,32000,0.532179
2500,34000,0.577146
2500,36000,0.601661
2500,38000,0.632977
2500,40000,0.662482
2500,42000,0.697837
3000,2000,0.039071
3000,4000,0.079239
3000,6000,0.118118
3000,8000,0.155549
3000,10000,0.195789
3000,12000,0.235311
3000,14000,0.273190
3000,16000,0.313271
3000,18000,0.352185
3000,20000,0.392736
3000,22000,0.430478
3000,24000,0.469891
3000,26000,0.510338
3000,28000,0.548227
3000,30000,0.585716
3000,32000,0.624361
3000,34000,0.664228
3000,36000,0.703013
3000,38000,0.744637
3000,40000,0.781687
3000,42000,0.819871
3500,2000,0.044593
3500,4000,0.090015
3500,6000,0.136010
3500,8000,0.179201
3500,10000,0.226387
3500,12000,0.270062
3500,14000,0.314792
3500,16000,0.358676
3500,18000,0.402936
3500,20000,0.448603
3500,22000,0.505951
3500,24000,0.539259
3500,26000,0.591245
3500,28000,0.629044
3500,30000,0.671854
3500,32000,0.721134
3500,34000,0.766919
3500,36000,0.807106
3500,38000,0.852881
3500,40000,0.899870
3500,42000,1.125661
4000,2000,0.056900
4000,4000,0.131418
4000,6000,0.171193
4000,8000,0.204349
4000,10000,0.254083
4000,12000,0.304836
4000,14000,0.357208
4000,16000,0.412933
4000,18000,0.457488
4000,20000,0.508571
4000,22000,0.557310
4000,24000,0.608407
4000,26000,0.665686
4000,28000,0.711640
4000,30000,0.761105
4000,32000,0.811875
4000,34000,0.873357
4000,36000,0.915702
4000,38000,0.963362
4000,40000,1.016912
4000,42000,1.065589
4500,2000,0.056728
4500,4000,0.113262
4500,6000,0.169599
4500,8000,0.225935
4500,10000,0.282355
4500,12000,0.339770
4500,14000,0.397931
4500,16000,0.453248
4500,18000,0.513097
4500,20000,0.566163
4500,22000,0.623033
4500,24000,0.678649
4500,26000,0.741861
4500,28000,0.793443
4500,30000,0.849182
4500,32000,0.907384
4500,34000,0.964675
4500,36000,1.018796
4500,38000,1.085132
4500,40000,1.135702
4500,42000,1.189574
5000,2000,0.062438
5000,4000,0.124881
5000,6000,0.188040
5000,8000,0.250950
5000,10000,0.313436
5000,12000,0.377970
5000,14000,0.439518
5000,16000,0.499420
5000,18000,0.562785
5000,20000,0.626589
5000,22000,0.688751
5000,24000,0.750349
5000,26000,0.817657
5000,28000,0.876611
5000,30000,0.944928
5000,32000,1.000357
5000,34000,1.064917
5000,36000,1.126552
5000,38000,1.189493
5000,40000,1.263840
5000,42000,1.314353
5500,2000,0.068133
5500,4000,0.136848
5500,6000,0.206005
5500,8000,0.273598
5500,10000,0.343354
5500,12000,0.408666
5500,14000,0.479084
5500,16000,0.547436
5500,18000,0.614042
5500,20000,0.683742
5500,22000,0.754840
5500,24000,0.823647
5500,26000,0.894478
5500,28000,0.957635
5500,30000,1.026639
5500,32000,1.097166
5500,34000,1.162693
5500,36000,1.234384
5500,38000,1.308137
5500,40000,1.369284
5500,42000,1.434740
6000,2000,0.074441
6000,4000,0.149271
6000,6000,0.222715
6000,8000,0.297098
6000,10000,0.372737
6000,12000,0.445675
6000,14000,0.519934
6000,16000,0.593766
6000,18000,0.671392
6000,20000,0.742271
6000,22000,0.817059
6000,24000,0.890331
6000,26000,0.979955
6000,28000,1.040682
6000,30000,1.114241
6000,32000,1.189674
6000,34000,1.261844
6000,36000,1.346718
6000,38000,1.412259
6000,40000,1.484901
6000,42000,1.558961
6500,2000,0.079578
6500,4000,0.160792
6500,6000,0.239998
6500,8000,0.320092
6500,10000,0.401364
6500,12000,0.481225
6500,14000,0.562120
6500,16000,0.641674
6500,18000,0.720957
6500,20000,0.801873
6500,22000,0.881616
6500,24000,0.963196
6500,26000,1.050615
6500,28000,1.124404
6500,30000,1.200703
6500,32000,1.291065
6500,34000,1.362619
6500,36000,1.444187
6500,38000,1.524085
6500,40000,1.603543
6500,42000,1.682530
7000,2000,0.086524
7000,4000,0.171954
7000,6000,0.258184
7000,8000,0.348887
7000,10000,0.429188
7000,12000,0.517018
7000,14000,0.600740
7000,16000,0.687110
7000,18000,0.774337
7000,20000,0.859432
7000,22000,0.945872
7000,24000,1.041434
7000,26000,1.129205
7000,28000,1.201953
7000,30000,1.289592
7000,32000,1.374669
7000,34000,1.462578
7000,36000,1.547986
7000,38000,1.633740
7000,40000,1.718733
7000,42000,1.807886
7500,2000,0.091936
7500,4000,0.184505
7500,6000,0.274885
7500,8000,0.367718
7500,10000,0.458373
7500,12000,0.561091
7500,14000,0.641824
7500,16000,0.734871
7500,18000,0.826862
7500,20000,0.919998
7500,22000,1.010841
7500,24000,1.100908
7500,26000,1.214377
7500,28000,1.286057
7500,30000,1.388965
7500,32000,1.472463
7500,34000,1.562379
7500,36000,1.653176
7500,38000,1.755778
7500,40000,1.837862
7500,42000,1.928463
8000,2000,0.096600
8000,4000,0.195367
8000,6000,0.292597
8000,8000,0.390109
8000,10000,0.488935
8000,12000,0.636328
8000,14000,0.684538
8000,16000,0.844347
8000,18000,0.997999
8000,20000,1.098048
8000,22000,1.264849
8000,24000,1.350412
8000,26000,1.578521
8000,28000,1.565142
8000,30000,1.997042
8000,32000,1.588323
8000,34000,1.685186
8000,36000,1.781525
8000,38000,1.884364
8000,40000,1.980205
8000,42000,2.079204
8500,2000,0.103724
8500,4000,0.209659
8500,6000,0.319401
8500,8000,0.423490
8500,10000,0.525203
8500,12000,0.628329
8500,14000,0.733123
8500,16000,0.838207
8500,18000,0.960480
8500,20000,1.049609
8500,22000,1.153129
8500,24000,1.262858
8500,26000,1.369453
8500,28000,1.467429
8500,30000,1.799987
8500,32000,1.848629
8500,34000,1.773451
8500,36000,2.410046
8500,38000,2.108403
8500,40000,2.306347
8500,42000,2.727653
9000,2000,0.109284
9000,4000,0.218992
9000,6000,0.370366
9000,8000,0.570364
9000,10000,0.705018
9000,12000,0.912443
9000,14000,0.970470
9000,16000,1.035269
9000,18000,1.057153
9000,20000,1.254614
9000,22000,1.303072
9000,24000,1.421247
9000,26000,1.631815
9000,28000,1.622575
9000,30000,1.765874
9000,32000,1.902193
9000,34000,1.943982
9000,36000,2.130624
9000,38000,2.352007
9000,40000,2.352602
9000,42000,2.435354
9500,2000,0.119536
9500,4000,0.264331
9500,6000,0.409857
9500,8000,0.502935
9500,10000,0.598601
9500,12000,0.734800
9500,14000,1.007316
9500,16000,1.056833
9500,18000,1.115320
9500,20000,1.287684
9500,22000,1.462558
9500,24000,1.638363
9500,26000,1.732735
9500,28000,1.774850
9500,30000,1.889700
9500,32000,1.978770
9500,34000,2.121005
9500,36000,2.270147
9500,38000,2.258439
9500,40000,2.379243
9500,42000,2.484755
10000,2000,0.123431
10000,4000,0.245713
10000,6000,0.367754
10000,8000,0.490931
10000,10000,0.614395
10000,12000,0.742627
10000,14000,0.859636
10000,16000,0.984750
10000,18000,1.109082
10000,20000,1.241830
10000,22000,1.362963
10000,24000,1.477763
10000,26000,1.614481
10000,28000,1.719870
10000,30000,1.840798
10000,32000,2.222083
10000,36000,2.371417
10000,40000,2.416638
10000,42000,2.547086
10500,2000,0.127249
10500,4000,0.254865
10500,6000,0.379899
10500,8000,0.505917
10500,10000,0.632258
10500,12000,0.769867
10500,14000,0.896752
10500,16000,1.012587
10500,18000,1.140794
10500,20000,1.274189
10500,22000,1.517480
10500,24000,1.517510
10500,26000,1.662620
10500,28000,1.770475
10500,30000,1.896989
10500,32000,2.025098
10500,34000,2.457869
10500,36000,2.992208	
10500,38000,2.536584
10500,40000,2.676439
10500,42000,2.835060
